>CCGCCATCTT	1-CCGCCATCTT	7.472367	-1820.627574	0	T:717.0(71.70%),B:1517.4(3.51%),P:1e-790	Tpos:100.7,Tstd:34.2,Bpos:108.9,Bstd:69.7,StrandBias:-0.2,Multiplicity:1.12
0.031	0.851	0.070	0.048
0.060	0.810	0.113	0.017
0.001	0.001	0.997	0.001
0.001	0.997	0.001	0.001
0.001	0.997	0.001	0.001
0.997	0.001	0.001	0.001
0.001	0.001	0.001	0.997
0.007	0.748	0.126	0.119
0.001	0.001	0.006	0.992
0.001	0.001	0.001	0.997
>RGCCATATTD	2-RGCCATATTD	4.330155	-1326.557977	0	T:617.0(61.70%),B:1770.7(4.09%),P:1e-576	Tpos:90.4,Tstd:49.3,Bpos:96.9,Bstd:76.8,StrandBias:0.3,Multiplicity:1.08
0.456	0.138	0.401	0.005
0.157	0.001	0.616	0.226
0.001	0.997	0.001	0.001
0.001	0.997	0.001	0.001
0.997	0.001	0.001	0.001
0.001	0.001	0.001	0.997
0.612	0.214	0.001	0.173
0.001	0.001	0.001	0.997
0.001	0.001	0.001	0.997
0.343	0.001	0.305	0.351
>TAATGGCGGC	3-TAATGGCGGC	7.509439	-1273.223890	0	T:633.0(63.30%),B:2123.9(4.91%),P:1e-552	Tpos:95.5,Tstd:37.2,Bpos:105.1,Bstd:78.6,StrandBias:0.0,Multiplicity:1.07
0.244	0.121	0.156	0.478
0.515	0.158	0.063	0.264
0.918	0.006	0.001	0.075
0.009	0.001	0.143	0.847
0.001	0.037	0.942	0.020
0.001	0.008	0.930	0.061
0.001	0.997	0.001	0.001
0.026	0.234	0.558	0.182
0.155	0.126	0.520	0.199
0.155	0.585	0.074	0.186
>NHVBTTCCGB	4-NHVBTTCCGB	5.505523	-136.690546	0	T:218.0(21.80%),B:2658.8(6.14%),P:1e-59	Tpos:103.1,Tstd:56.3,Bpos:89.2,Bstd:72.8,StrandBias:0.2,Multiplicity:1.21
0.199	0.241	0.236	0.325
0.306	0.260	0.085	0.349
0.370	0.225	0.251	0.154
0.055	0.346	0.259	0.339
0.171	0.214	0.062	0.553
0.055	0.164	0.282	0.499
0.039	0.863	0.054	0.044
0.036	0.880	0.045	0.039
0.141	0.153	0.497	0.208
0.043	0.297	0.397	0.264
>TCACGTGACS	5-TCACGTGACS	7.352287	-102.278026	0	T:115.0(11.50%),B:978.0(2.26%),P:1e-44	Tpos:90.2,Tstd:50.2,Bpos:88.4,Bstd:69.0,StrandBias:-0.0,Multiplicity:1.16
0.027	0.123	0.010	0.840
0.001	0.887	0.001	0.111
0.778	0.022	0.146	0.054
0.001	0.899	0.001	0.099
0.132	0.069	0.798	0.001
0.056	0.074	0.019	0.851
0.174	0.014	0.811	0.001
0.888	0.016	0.070	0.026
0.032	0.604	0.153	0.211
0.189	0.375	0.240	0.196
>CGCTTCCGSS	6-CGCTTCCGSS	4.421110	-83.324981	0	T:254.0(25.40%),B:4781.6(11.05%),P:1e-36	Tpos:103.8,Tstd:57.8,Bpos:96.0,Bstd:79.5,StrandBias:0.1,Multiplicity:1.14
0.001	0.627	0.371	0.001
0.124	0.001	0.518	0.357
0.001	0.741	0.257	0.001
0.001	0.001	0.001	0.997
0.001	0.001	0.001	0.997
0.001	0.972	0.001	0.026
0.001	0.997	0.001	0.001
0.001	0.001	0.997	0.001
0.001	0.463	0.350	0.185
0.114	0.508	0.377	0.001
>AYTTCCGCCC	7-AYTTCCGCCC	8.039378	-64.816707	0	T:101.0(10.10%),B:1172.3(2.71%),P:1e-28	Tpos:97.3,Tstd:57.7,Bpos:100.9,Bstd:82.3,StrandBias:-0.3,Multiplicity:1.00
0.744	0.001	0.001	0.254
0.103	0.448	0.069	0.380
0.001	0.001	0.001	0.997
0.001	0.001	0.001	0.997
0.001	0.815	0.001	0.183
0.026	0.753	0.190	0.031
0.001	0.001	0.997	0.001
0.074	0.685	0.137	0.104
0.171	0.452	0.103	0.274
0.001	0.896	0.102	0.001
>TGTCATGGCG	8-TGTCATGGCG	11.757383	-58.409308	0	T:24.0(2.40%),B:39.3(0.09%),P:1e-25	Tpos:97.5,Tstd:25.6,Bpos:44.6,Bstd:46.5,StrandBias:1.0,Multiplicity:1.00
0.001	0.001	0.001	0.997
0.188	0.001	0.810	0.001
0.001	0.001	0.001	0.997
0.001	0.997	0.001	0.001
0.997	0.001	0.001	0.001
0.001	0.001	0.001	0.997
0.001	0.001	0.997	0.001
0.001	0.001	0.844	0.154
0.001	0.997	0.001	0.001
0.001	0.001	0.997	0.001
>TTCCGTACGG	9-TTCCGTACGG	9.494501	-53.590637	0	T:26.0(2.60%),B:62.5(0.14%),P:1e-23	Tpos:120.9,Tstd:57.7,Bpos:92.6,Bstd:78.4,StrandBias:0.2,Multiplicity:1.18
0.001	0.001	0.055	0.943
0.056	0.001	0.056	0.887
0.001	0.997	0.001	0.001
0.001	0.943	0.001	0.055
0.001	0.001	0.974	0.024
0.001	0.001	0.024	0.974
0.923	0.075	0.001	0.001
0.039	0.959	0.001	0.001
0.234	0.028	0.698	0.040
0.082	0.001	0.750	0.167
>TCACGTGACT	10-TCACGTGACT	6.789884	-53.240863	0	T:130.0(13.00%),B:2097.2(4.84%),P:1e-23	Tpos:112.5,Tstd:53.0,Bpos:96.6,Bstd:74.6,StrandBias:-0.3,Multiplicity:1.02
0.120	0.098	0.099	0.683
0.059	0.823	0.117	0.001
0.809	0.106	0.046	0.039
0.104	0.813	0.049	0.034
0.026	0.041	0.862	0.071
0.045	0.139	0.119	0.697
0.040	0.059	0.856	0.045
0.740	0.064	0.098	0.098
0.001	0.905	0.045	0.049
0.026	0.009	0.081	0.884
>TGCCCTTARC	11-TGCCCTTARC	7.968786	-52.816312	0	T:87.0(8.70%),B:1057.4(2.44%),P:1e-22	Tpos:101.7,Tstd:48.4,Bpos:97.4,Bstd:73.2,StrandBias:0.1,Multiplicity:1.07
0.064	0.233	0.055	0.648
0.001	0.001	0.936	0.062
0.001	0.997	0.001	0.001
0.001	0.997	0.001	0.001
0.001	0.997	0.001	0.001
0.001	0.045	0.230	0.724
0.124	0.058	0.001	0.817
0.632	0.066	0.001	0.301
0.285	0.145	0.402	0.168
0.001	0.708	0.203	0.088
>GTTACGTCAT	12-GTTACGTCAT	7.751858	-38.935915	0	T:47.0(4.70%),B:434.8(1.00%),P:1e-16	Tpos:93.8,Tstd:52.9,Bpos:84.4,Bstd:80.1,StrandBias:0.3,Multiplicity:1.00
0.162	0.105	0.572	0.161
0.001	0.074	0.054	0.871
0.106	0.013	0.209	0.672
0.706	0.001	0.154	0.139
0.001	0.997	0.001	0.001
0.027	0.059	0.861	0.053
0.001	0.020	0.132	0.847
0.106	0.892	0.001	0.001
0.655	0.132	0.106	0.107
0.001	0.001	0.078	0.920
>ACAATTCCCA	13-ACAATTCCCA	7.262967	-33.662922	0	T:75.0(7.50%),B:1141.8(2.64%),P:1e-14	Tpos:96.0,Tstd:53.3,Bpos:91.7,Bstd:79.0,StrandBias:-0.2,Multiplicity:1.04
0.730	0.118	0.089	0.063
0.086	0.753	0.069	0.092
0.827	0.032	0.087	0.054
0.840	0.061	0.068	0.031
0.053	0.125	0.037	0.785
0.044	0.064	0.053	0.839
0.017	0.858	0.081	0.044
0.071	0.749	0.114	0.066
0.001	0.899	0.064	0.036
0.730	0.087	0.108	0.075
>CCGCTATAGC	14-CCGCTATAGC	7.548187	-33.525630	0	T:115.0(11.50%),B:2237.3(5.17%),P:1e-14	Tpos:95.5,Tstd:53.9,Bpos:105.8,Bstd:78.2,StrandBias:0.1,Multiplicity:1.09
0.001	0.956	0.004	0.039
0.084	0.741	0.161	0.014
0.029	0.001	0.969	0.001
0.020	0.932	0.047	0.001
0.082	0.053	0.040	0.825
0.600	0.118	0.148	0.134
0.168	0.197	0.077	0.558
0.683	0.167	0.044	0.106
0.092	0.001	0.806	0.101
0.039	0.959	0.001	0.001
>TCCGCGTTTC	15-TCCGCGTTTC	7.605435	-32.489485	0	T:36.0(3.60%),B:307.3(0.71%),P:1e-14	Tpos:97.4,Tstd:49.4,Bpos:91.3,Bstd:68.3,StrandBias:0.1,Multiplicity:1.03
0.223	0.111	0.089	0.577
0.072	0.722	0.081	0.125
0.046	0.771	0.008	0.175
0.167	0.022	0.641	0.170
0.094	0.671	0.217	0.018
0.055	0.214	0.513	0.218
0.022	0.031	0.223	0.724
0.033	0.144	0.025	0.798
0.231	0.110	0.167	0.493
0.239	0.526	0.190	0.045
>GCAGGAACTA	16-GCAGGAACTA	7.210316	-32.350645	0	T:86.0(8.60%),B:1459.9(3.37%),P:1e-14	Tpos:98.8,Tstd:58.4,Bpos:101.0,Bstd:71.3,StrandBias:0.9,Multiplicity:1.11
0.111	0.125	0.661	0.103
0.168	0.725	0.026	0.081
0.688	0.158	0.153	0.001
0.045	0.001	0.953	0.001
0.001	0.037	0.961	0.001
0.772	0.070	0.094	0.064
0.800	0.035	0.058	0.107
0.128	0.610	0.196	0.066
0.168	0.001	0.001	0.830
0.997	0.001	0.001	0.001
>CGCAWGCGCM	17-CGCAWGCGCM	7.599613	-32.152892	0	T:129.0(12.90%),B:2703.3(6.24%),P:1e-13	Tpos:95.5,Tstd:61.4,Bpos:88.8,Bstd:76.8,StrandBias:0.2,Multiplicity:1.14
0.113	0.789	0.001	0.097
0.101	0.050	0.822	0.027
0.001	0.997	0.001	0.001
0.745	0.059	0.001	0.195
0.381	0.001	0.092	0.526
0.001	0.001	0.997	0.001
0.001	0.837	0.161	0.001
0.060	0.029	0.718	0.193
0.001	0.488	0.181	0.331
0.364	0.321	0.147	0.168
>TTGCCCTCAC	18-TTGCCCTCAC	9.791756	-29.184464	0	T:26.0(2.60%),B:174.0(0.40%),P:1e-12	Tpos:104.5,Tstd:44.2,Bpos:100.2,Bstd:69.9,StrandBias:-0.8,Multiplicity:1.09
0.001	0.144	0.040	0.815
0.052	0.090	0.001	0.857
0.001	0.012	0.986	0.001
0.001	0.965	0.033	0.001
0.001	0.960	0.001	0.038
0.001	0.926	0.001	0.072
0.168	0.001	0.131	0.700
0.001	0.997	0.001	0.001
0.979	0.001	0.001	0.019
0.089	0.861	0.049	0.001
>AHTCTCGCGA	19-AHTCTCGCGA	8.087894	-28.663044	0	T:40.0(4.00%),B:429.5(0.99%),P:1e-12	Tpos:114.6,Tstd:61.5,Bpos:80.5,Bstd:73.9,StrandBias:0.3,Multiplicity:1.12
0.570	0.132	0.162	0.136
0.323	0.260	0.029	0.388
0.001	0.039	0.001	0.959
0.079	0.721	0.001	0.199
0.001	0.001	0.001	0.997
0.079	0.919	0.001	0.001
0.001	0.001	0.879	0.119
0.001	0.997	0.001	0.001
0.134	0.112	0.753	0.001
0.946	0.001	0.052	0.001
>CCGGAAATGG	20-CCGGAAATGG	8.564595	-26.325133	0	T:46.0(4.60%),B:595.4(1.38%),P:1e-11	Tpos:96.4,Tstd:52.1,Bpos:95.4,Bstd:73.6,StrandBias:0.2,Multiplicity:1.03
0.262	0.679	0.001	0.058
0.098	0.833	0.068	0.001
0.042	0.102	0.855	0.001
0.001	0.001	0.874	0.124
0.971	0.012	0.016	0.001
0.693	0.085	0.097	0.125
0.997	0.001	0.001	0.001
0.001	0.121	0.049	0.829
0.001	0.001	0.997	0.001
0.395	0.001	0.603	0.001
>CGGTGGTAGC	21-CGGTGGTAGC	10.463001	-26.302640	0	T:30.0(3.00%),B:267.4(0.62%),P:1e-11	Tpos:106.5,Tstd:55.9,Bpos:109.2,Bstd:66.4,StrandBias:0.0,Multiplicity:1.00
0.001	0.997	0.001	0.001
0.290	0.001	0.543	0.166
0.001	0.001	0.997	0.001
0.180	0.001	0.001	0.818
0.001	0.001	0.997	0.001
0.001	0.001	0.997	0.001
0.001	0.367	0.001	0.631
0.997	0.001	0.001	0.001
0.001	0.001	0.997	0.001
0.001	0.551	0.208	0.240
>TCACATGATC	22-TCACATGATC	7.752112	-19.775112	0	T:39.0(3.90%),B:558.1(1.29%),P:1e-8	Tpos:96.7,Tstd:64.2,Bpos:100.3,Bstd:69.6,StrandBias:0.0,Multiplicity:1.00
0.066	0.053	0.036	0.845
0.036	0.846	0.070	0.048
0.855	0.074	0.070	0.001
0.031	0.936	0.032	0.001
0.731	0.098	0.038	0.133
0.157	0.166	0.093	0.584
0.075	0.102	0.822	0.001
0.739	0.124	0.059	0.078
0.082	0.074	0.044	0.800
0.044	0.842	0.026	0.088
>TTAGCCGCGG	23-TTAGCCGCGG	9.861156	-16.989127	0	T:19.0(1.90%),B:172.7(0.40%),P:1e-7	Tpos:91.1,Tstd:60.0,Bpos:107.8,Bstd:64.4,StrandBias:0.7,Multiplicity:1.00
0.001	0.001	0.001	0.997
0.041	0.233	0.001	0.725
0.997	0.001	0.001	0.001
0.056	0.001	0.942	0.001
0.001	0.997	0.001	0.001
0.001	0.997	0.001	0.001
0.001	0.148	0.850	0.001
0.230	0.768	0.001	0.001
0.001	0.135	0.863	0.001
0.001	0.001	0.809	0.189
>AAGCATGGCG	24-AAGCATGGCG	12.453600	-16.845840	0	T:8.0(0.80%),B:21.5(0.05%),P:1e-7	Tpos:62.8,Tstd:43.6,Bpos:124.1,Bstd:50.5,StrandBias:2.3,Multiplicity:1.50
0.997	0.001	0.001	0.001
0.997	0.001	0.001	0.001
0.001	0.001	0.997	0.001
0.001	0.997	0.001	0.001
0.997	0.001	0.001	0.001
0.001	0.001	0.001	0.997
0.251	0.001	0.747	0.001
0.001	0.001	0.997	0.001
0.001	0.997	0.001	0.001
0.001	0.001	0.997	0.001
>CGACTWGACA	25-CGACTWGACA	10.485308	-11.441247	0	T:5.0(0.50%),B:12.5(0.03%),P:1e-4	Tpos:90.0,Tstd:51.0,Bpos:106.5,Bstd:40.2,StrandBias:2.0,Multiplicity:2.00
0.001	0.887	0.111	0.001
0.001	0.001	0.997	0.001
0.997	0.001	0.001	0.001
0.001	0.997	0.001	0.001
0.001	0.393	0.001	0.605
0.519	0.001	0.001	0.479
0.001	0.001	0.997	0.001
0.997	0.001	0.001	0.001
0.001	0.997	0.001	0.001
0.997	0.001	0.001	0.001
>CAAVATGGCGGC	1-CAAVATGGCGGC	9.754296	-2017.822678	0	T:712.0(71.20%),B:1112.3(2.57%),P:1e-876	Tpos:100.9,Tstd:32.5,Bpos:111.0,Bstd:68.0,StrandBias:0.2,Multiplicity:1.08
0.219	0.433	0.149	0.200
0.964	0.001	0.034	0.001
0.798	0.062	0.033	0.107
0.316	0.302	0.321	0.060
0.997	0.001	0.001	0.001
0.001	0.001	0.007	0.991
0.001	0.001	0.997	0.001
0.011	0.001	0.987	0.001
0.001	0.987	0.001	0.011
0.056	0.222	0.596	0.126
0.136	0.087	0.690	0.087
0.131	0.690	0.050	0.129
>AASATGGCNGCB	2-AASATGGCNGCB	7.822607	-1232.617042	0	T:586.0(58.60%),B:1719.5(3.97%),P:1e-535	Tpos:95.3,Tstd:49.4,Bpos:109.8,Bstd:71.4,StrandBias:0.2,Multiplicity:1.08
0.997	0.001	0.001	0.001
0.886	0.001	0.112	0.001
0.001	0.467	0.469	0.063
0.997	0.001	0.001	0.001
0.070	0.109	0.001	0.820
0.001	0.001	0.997	0.001
0.001	0.001	0.914	0.084
0.086	0.820	0.001	0.093
0.280	0.151	0.298	0.271
0.093	0.211	0.609	0.087
0.001	0.805	0.091	0.103
0.140	0.381	0.237	0.243
>CGCCATYTTTGW	3-CGCCATYTTTGW	8.355965	-991.644605	0	T:440.0(44.00%),B:993.4(2.29%),P:1e-430	Tpos:97.4,Tstd:46.3,Bpos:97.4,Bstd:75.9,StrandBias:-0.1,Multiplicity:1.06
0.213	0.577	0.209	0.001
0.193	0.032	0.568	0.207
0.001	0.935	0.063	0.001
0.031	0.967	0.001	0.001
0.796	0.171	0.032	0.001
0.001	0.063	0.001	0.935
0.255	0.421	0.048	0.275
0.180	0.059	0.001	0.760
0.001	0.001	0.001	0.997
0.172	0.032	0.310	0.487
0.086	0.097	0.512	0.305
0.388	0.020	0.194	0.398
>GTAATGGCGGCS	4-GTAATGGCGGCS	8.554633	-460.392814	0	T:327.0(32.70%),B:1681.4(3.88%),P:1e-199	Tpos:95.3,Tstd:38.2,Bpos:108.4,Bstd:79.0,StrandBias:0.0,Multiplicity:1.06
0.198	0.103	0.671	0.028
0.123	0.288	0.080	0.509
0.500	0.322	0.094	0.084
0.862	0.001	0.081	0.056
0.001	0.044	0.010	0.945
0.001	0.001	0.971	0.027
0.001	0.001	0.997	0.001
0.027	0.971	0.001	0.001
0.072	0.114	0.681	0.133
0.001	0.057	0.886	0.056
0.056	0.644	0.103	0.197
0.129	0.354	0.341	0.176
>NYCRCTTCCGGB	5-NYCRCTTCCGGB	7.228567	-124.239163	0	T:243.0(24.30%),B:3489.6(8.06%),P:1e-53	Tpos:104.6,Tstd:55.2,Bpos:89.8,Bstd:71.6,StrandBias:0.4,Multiplicity:1.35
0.173	0.224	0.316	0.287
0.133	0.374	0.186	0.307
0.215	0.521	0.001	0.263
0.467	0.001	0.471	0.061
0.001	0.733	0.001	0.265
0.001	0.001	0.001	0.997
0.001	0.001	0.001	0.997
0.001	0.997	0.001	0.001
0.001	0.997	0.001	0.001
0.001	0.001	0.997	0.001
0.016	0.236	0.583	0.165
0.161	0.373	0.226	0.240
>GTCACGTGACCN	6-GTCACGTGACCN	8.495340	-94.763750	0	T:93.0(9.30%),B:675.3(1.56%),P:1e-41	Tpos:87.9,Tstd:50.3,Bpos:86.8,Bstd:67.0,StrandBias:0.1,Multiplicity:1.13
0.287	0.158	0.536	0.019
0.048	0.217	0.001	0.734
0.001	0.997	0.001	0.001
0.886	0.046	0.067	0.001
0.001	0.868	0.019	0.112
0.142	0.057	0.800	0.001
0.034	0.057	0.001	0.908
0.001	0.001	0.997	0.001
0.705	0.001	0.199	0.095
0.001	0.564	0.165	0.270
0.155	0.419	0.172	0.253
0.209	0.346	0.219	0.226
>ACACTCAAAATG	7-ACACTCAAAATG	13.290364	-78.053502	0	T:14.0(1.40%),B:1.3(0.00%),P:1e-33	Tpos:137.9,Tstd:46.3,Bpos:128.4,Bstd:9.3,StrandBias:-0.3,Multiplicity:1.29
0.695	0.001	0.001	0.303
0.001	0.997	0.001	0.001
0.997	0.001	0.001	0.001
0.001	0.997	0.001	0.001
0.001	0.001	0.138	0.860
0.001	0.997	0.001	0.001
0.997	0.001	0.001	0.001
0.997	0.001	0.001	0.001
0.583	0.139	0.139	0.139
0.997	0.001	0.001	0.001
0.001	0.001	0.001	0.997
0.001	0.001	0.997	0.001
>ACATGGCGGACA	8-ACATGGCGGACA	10.991914	-46.482154	0	T:28.0(2.80%),B:102.9(0.24%),P:1e-20	Tpos:124.7,Tstd:56.7,Bpos:83.8,Bstd:77.0,StrandBias:-2.6,Multiplicity:1.00
0.687	0.001	0.156	0.156
0.001	0.997	0.001	0.001
0.907	0.091	0.001	0.001
0.156	0.001	0.128	0.715
0.001	0.001	0.843	0.155
0.001	0.001	0.843	0.155
0.155	0.843	0.001	0.001
0.001	0.001	0.997	0.001
0.001	0.001	0.997	0.001
0.468	0.219	0.312	0.001
0.001	0.997	0.001	0.001
0.687	0.001	0.156	0.156
>CTACAATTCCCA	9-CTACAATTCCCA	10.544264	-45.640017	0	T:49.0(4.90%),B:398.7(0.92%),P:1e-19	Tpos:89.2,Tstd:50.7,Bpos:87.5,Bstd:79.1,StrandBias:-0.1,Multiplicity:1.02
0.001	0.997	0.001	0.001
0.001	0.001	0.001	0.997
0.660	0.173	0.166	0.001
0.065	0.933	0.001	0.001
0.537	0.119	0.213	0.131
0.617	0.171	0.054	0.158
0.119	0.105	0.055	0.721
0.001	0.042	0.065	0.892
0.001	0.997	0.001	0.001
0.001	0.997	0.001	0.001
0.001	0.997	0.001	0.001
0.763	0.066	0.040	0.131
>GVTGACGCAACG	10-GVTGACGCAACG	6.329480	-38.219082	0	T:60.0(6.00%),B:704.2(1.63%),P:1e-16	Tpos:103.6,Tstd:56.8,Bpos:96.2,Bstd:75.7,StrandBias:-0.3,Multiplicity:1.00
0.241	0.150	0.401	0.208
0.345	0.242	0.306	0.107
0.001	0.036	0.001	0.962
0.056	0.298	0.542	0.104
0.997	0.001	0.001	0.001
0.001	0.997	0.001	0.001
0.001	0.001	0.997	0.001
0.052	0.895	0.001	0.052
0.997	0.001	0.001	0.001
0.956	0.042	0.001	0.001
0.104	0.487	0.315	0.094
0.198	0.211	0.441	0.150
>GATTCCGTACAG	11-GATTCCGTACAG	11.303380	-32.856999	0	T:11.0(1.10%),B:11.3(0.03%),P:1e-14	Tpos:100.1,Tstd:40.0,Bpos:87.4,Bstd:84.0,StrandBias:0.3,Multiplicity:1.00
0.001	0.138	0.860	0.001
0.997	0.001	0.001	0.001
0.001	0.289	0.155	0.555
0.001	0.001	0.001	0.997
0.137	0.725	0.137	0.001
0.001	0.997	0.001	0.001
0.001	0.001	0.861	0.137
0.001	0.137	0.001	0.861
0.724	0.001	0.274	0.001
0.001	0.860	0.138	0.001
0.844	0.001	0.154	0.001
0.001	0.152	0.710	0.137
>CCGVTGACGTCA	12-CCGVTGACGTCA	9.494011	-32.247979	0	T:34.0(3.40%),B:275.4(0.64%),P:1e-14	Tpos:76.2,Tstd:50.6,Bpos:84.2,Bstd:81.0,StrandBias:0.0,Multiplicity:1.00
0.001	0.848	0.101	0.050
0.001	0.867	0.131	0.001
0.151	0.030	0.812	0.007
0.367	0.387	0.245	0.001
0.001	0.001	0.082	0.916
0.001	0.082	0.916	0.001
0.805	0.059	0.068	0.068
0.067	0.931	0.001	0.001
0.001	0.001	0.997	0.001
0.001	0.082	0.001	0.916
0.001	0.916	0.082	0.001
0.857	0.059	0.001	0.083
>YCGKACRGAAGG	13-YCGKACRGAAGG	9.318671	-31.042601	0	T:10.0(1.00%),B:9.4(0.02%),P:1e-13	Tpos:125.7,Tstd:61.8,Bpos:85.5,Bstd:108.7,StrandBias:0.0,Multiplicity:1.00
0.087	0.470	0.001	0.441
0.001	0.997	0.001	0.001
0.001	0.001	0.997	0.001
0.001	0.029	0.441	0.529
0.997	0.001	0.001	0.001
0.001	0.997	0.001	0.001
0.528	0.001	0.470	0.001
0.001	0.028	0.970	0.001
0.997	0.001	0.001	0.001
0.997	0.001	0.001	0.001
0.001	0.001	0.997	0.001
0.001	0.001	0.997	0.001
>GCGCATGCGCAK	14-GCGCATGCGCAK	9.785071	-29.261968	0	T:87.0(8.70%),B:1573.1(3.63%),P:1e-12	Tpos:95.3,Tstd:59.9,Bpos:87.7,Bstd:76.1,StrandBias:-0.2,Multiplicity:1.10
0.058	0.055	0.814	0.073
0.156	0.807	0.001	0.036
0.001	0.001	0.997	0.001
0.001	0.962	0.001	0.036
0.665	0.115	0.100	0.120
0.007	0.014	0.218	0.761
0.001	0.001	0.997	0.001
0.001	0.869	0.129	0.001
0.001	0.036	0.884	0.079
0.001	0.770	0.143	0.086
0.529	0.247	0.023	0.201
0.171	0.121	0.371	0.338
>AGTGGTTAAGCG	15-AGTGGTTAAGCG	12.119300	-27.290917	0	T:7.0(0.70%),B:3.8(0.01%),P:1e-11	Tpos:80.3,Tstd:46.8,Bpos:78.4,Bstd:32.7,StrandBias:-0.4,Multiplicity:1.00
0.708	0.290	0.001	0.001
0.001	0.234	0.764	0.001
0.001	0.001	0.290	0.708
0.001	0.001	0.764	0.234
0.001	0.001	0.997	0.001
0.239	0.047	0.001	0.713
0.239	0.051	0.001	0.709
0.997	0.001	0.001	0.001
0.997	0.001	0.001	0.001
0.001	0.285	0.713	0.001
0.001	0.764	0.001	0.234
0.001	0.001	0.997	0.001
>ARTCTCGCGAGA	16-ARTCTCGCGAGA	9.987594	-25.326400	0	T:25.0(2.50%),B:191.8(0.44%),P:1e-10	Tpos:119.3,Tstd:52.4,Bpos:80.8,Bstd:75.1,StrandBias:-0.1,Multiplicity:1.12
0.693	0.062	0.173	0.072
0.407	0.194	0.258	0.141
0.051	0.053	0.051	0.845
0.080	0.818	0.001	0.101
0.002	0.092	0.001	0.905
0.001	0.997	0.001	0.001
0.001	0.001	0.997	0.001
0.001	0.981	0.001	0.017
0.051	0.001	0.897	0.051
0.847	0.001	0.051	0.101
0.002	0.102	0.762	0.134
0.856	0.001	0.142	0.001
>CTAAGGGCAAGT	17-CTAAGGGCAAGT	14.002793	-25.081722	0	T:6.0(0.60%),B:2.4(0.01%),P:1e-10	Tpos:99.5,Tstd:52.0,Bpos:105.2,Bstd:30.0,StrandBias:1.0,Multiplicity:1.00
0.001	0.667	0.166	0.166
0.001	0.001	0.001	0.997
0.997	0.001	0.001	0.001
0.997	0.001	0.001	0.001
0.001	0.001	0.997	0.001
0.166	0.001	0.832	0.001
0.001	0.001	0.997	0.001
0.001	0.997	0.001	0.001
0.997	0.001	0.001	0.001
0.997	0.001	0.001	0.001
0.001	0.001	0.997	0.001
0.166	0.166	0.001	0.667
>CACTCGGCTTGC	18-CACTCGGCTTGC	13.857843	-21.440003	0	T:7.0(0.70%),B:7.1(0.02%),P:1e-9	Tpos:89.3,Tstd:53.9,Bpos:129.5,Bstd:62.7,StrandBias:0.4,Multiplicity:1.00
0.142	0.856	0.001	0.001
0.856	0.142	0.001	0.001
0.001	0.997	0.001	0.001
0.001	0.001	0.001	0.997
0.001	0.997	0.001	0.001
0.001	0.001	0.856	0.142
0.001	0.001	0.997	0.001
0.001	0.997	0.001	0.001
0.001	0.001	0.001	0.997
0.001	0.142	0.001	0.856
0.001	0.143	0.713	0.143
0.001	0.997	0.001	0.001
>GGGGCGTGGCTT	19-GGGGCGTGGCTT	11.268434	-19.248235	0	T:26.0(2.60%),B:278.8(0.64%),P:1e-8	Tpos:97.8,Tstd:63.5,Bpos:89.4,Bstd:83.9,StrandBias:0.4,Multiplicity:1.00
0.097	0.001	0.901	0.001
0.038	0.001	0.863	0.098
0.196	0.315	0.488	0.001
0.098	0.096	0.805	0.001
0.001	0.997	0.001	0.001
0.001	0.001	0.941	0.057
0.046	0.221	0.108	0.625
0.150	0.003	0.777	0.070
0.001	0.001	0.936	0.062
0.001	0.901	0.001	0.097
0.001	0.028	0.001	0.970
0.206	0.047	0.157	0.590
>GGAAGGTAGCCT	20-GGAAGGTAGCCT	9.968583	-17.640740	0	T:9.0(0.90%),B:27.9(0.06%),P:1e-7	Tpos:80.1,Tstd:48.8,Bpos:81.3,Bstd:59.7,StrandBias:-0.3,Multiplicity:1.00
0.001	0.001	0.997	0.001
0.001	0.001	0.997	0.001
0.997	0.001	0.001	0.001
0.997	0.001	0.001	0.001
0.001	0.001	0.997	0.001
0.001	0.001	0.997	0.001
0.001	0.001	0.208	0.790
0.997	0.001	0.001	0.001
0.089	0.001	0.909	0.001
0.001	0.909	0.001	0.089
0.001	0.997	0.001	0.001
0.001	0.021	0.187	0.791
>GCAGGGTACCCT	21-GCAGGGTACCCT	13.942596	-15.685114	0	T:5.0(0.50%),B:5.0(0.01%),P:1e-6	Tpos:125.9,Tstd:54.1,Bpos:95.4,Bstd:46.4,StrandBias:-0.4,Multiplicity:1.00
0.001	0.001	0.997	0.001
0.001	0.850	0.148	0.001
0.850	0.148	0.001	0.001
0.001	0.001	0.997	0.001
0.001	0.001	0.997	0.001
0.001	0.148	0.850	0.001
0.001	0.001	0.001	0.997
0.892	0.106	0.001	0.001
0.001	0.850	0.148	0.001
0.001	0.850	0.148	0.001
0.001	0.997	0.001	0.001
0.001	0.001	0.001	0.997
>GKMGCKATTCKG	22-GKMGCKATTCKG	7.775777	-14.127400	0	T:40.0(4.00%),B:724.3(1.67%),P:1e-6	Tpos:103.2,Tstd:53.7,Bpos:100.4,Bstd:80.8,StrandBias:-0.1,Multiplicity:1.03
0.001	0.001	0.802	0.196
0.001	0.032	0.552	0.415
0.435	0.468	0.096	0.001
0.314	0.032	0.622	0.032
0.001	0.949	0.049	0.001
0.085	0.001	0.420	0.494
0.688	0.108	0.085	0.119
0.032	0.001	0.096	0.871
0.032	0.001	0.064	0.903
0.001	0.638	0.066	0.295
0.032	0.002	0.471	0.495
0.032	0.247	0.657	0.064
>CCCGGCAGGAAC	23-CCCGGCAGGAAC	14.614707	-11.053318	0	T:3.0(0.30%),B:2.3(0.01%),P:1e-4	Tpos:122.4,Tstd:65.4,Bpos:105.3,Bstd:26.2,StrandBias:2.6,Multiplicity:2.33
0.001	0.997	0.001	0.001
0.001	0.997	0.001	0.001
0.001	0.997	0.001	0.001
0.001	0.001	0.997	0.001
0.001	0.001	0.997	0.001
0.001	0.997	0.001	0.001
0.997	0.001	0.001	0.001
0.001	0.001	0.997	0.001
0.001	0.001	0.997	0.001
0.997	0.001	0.001	0.001
0.861	0.137	0.001	0.001
0.001	0.997	0.001	0.001
>ACTAGACACGTT	24-ACTAGACACGTT	16.452821	-8.245162	0	T:2.0(0.20%),B:0.0(0.00%),P:1e-3	Tpos:100.3,Tstd:55.1,Bpos:0.0,Bstd:0.0,StrandBias:10.0,Multiplicity:3.00
0.997	0.001	0.001	0.001
0.001	0.997	0.001	0.001
0.001	0.001	0.001	0.997
0.997	0.001	0.001	0.001
0.001	0.001	0.997	0.001
0.997	0.001	0.001	0.001
0.001	0.997	0.001	0.001
0.997	0.001	0.001	0.001
0.001	0.997	0.001	0.001
0.001	0.137	0.861	0.001
0.001	0.001	0.001	0.997
0.001	0.001	0.001	0.997
>CGCATGCGCCTC	25-CGCATGCGCCTC	10.700180	-7.130505	0	T:21.0(2.10%),B:411.5(0.95%),P:1e-3	Tpos:99.8,Tstd:64.0,Bpos:96.8,Bstd:79.4,StrandBias:-0.3,Multiplicity:1.00
0.001	0.902	0.061	0.036
0.036	0.040	0.812	0.112
0.001	0.877	0.061	0.061
0.749	0.106	0.047	0.098
0.077	0.055	0.211	0.657
0.001	0.048	0.950	0.001
0.001	0.877	0.061	0.061
0.061	0.070	0.868	0.001
0.061	0.877	0.001	0.061
0.001	0.997	0.001	0.001
0.062	0.071	0.134	0.733
0.001	0.808	0.044	0.147
>AAGATGGC	1-AAGATGGC	7.380443	-1718.684324	0	T:743.0(74.30%),B:2032.9(4.70%),P:1e-746	Tpos:99.9,Tstd:35.7,Bpos:105.5,Bstd:71.1,StrandBias:0.1,Multiplicity:1.14
0.997	0.001	0.001	0.001
0.997	0.001	0.001	0.001
0.250	0.142	0.583	0.025
0.997	0.001	0.001	0.001
0.001	0.001	0.001	0.997
0.001	0.001	0.997	0.001
0.001	0.001	0.997	0.001
0.001	0.997	0.001	0.001
>ATGGCGGC	2-ATGGCGGC	8.058349	-1330.195665	0	T:670.0(67.00%),B:2385.7(5.51%),P:1e-577	Tpos:97.9,Tstd:35.3,Bpos:105.4,Bstd:78.6,StrandBias:0.2,Multiplicity:1.07
0.997	0.001	0.001	0.001
0.001	0.001	0.001	0.997
0.001	0.001	0.997	0.001
0.001	0.001	0.997	0.001
0.001	0.997	0.001	0.001
0.001	0.176	0.722	0.101
0.001	0.001	0.930	0.068
0.001	0.997	0.001	0.001
>CAARATGG	3-CAARATGG	10.213656	-930.513199	0	T:420.0(42.00%),B:973.3(2.25%),P:1e-404	Tpos:93.6,Tstd:48.9,Bpos:100.2,Bstd:79.3,StrandBias:-0.6,Multiplicity:1.08
0.001	0.997	0.001	0.001
0.997	0.001	0.001	0.001
0.997	0.001	0.001	0.001
0.573	0.001	0.425	0.001
0.997	0.001	0.001	0.001
0.001	0.001	0.001	0.997
0.001	0.001	0.997	0.001
0.001	0.001	0.997	0.001
>WAAKGGCG	4-WAAKGGCG	8.623920	-284.032507	0	T:223.0(22.30%),B:1262.1(2.92%),P:1e-123	Tpos:96.3,Tstd:48.0,Bpos:96.7,Bstd:75.6,StrandBias:-0.2,Multiplicity:1.04
0.513	0.001	0.001	0.485
0.997	0.001	0.001	0.001
0.997	0.001	0.001	0.001
0.001	0.001	0.518	0.480
0.001	0.001	0.997	0.001
0.001	0.001	0.997	0.001
0.001	0.997	0.001	0.001
0.343	0.001	0.655	0.001
>TACTTCCG	5-TACTTCCG	5.648057	-141.321689	0	T:376.0(37.60%),B:6865.8(15.86%),P:1e-61	Tpos:99.7,Tstd:55.9,Bpos:94.1,Bstd:75.0,StrandBias:0.3,Multiplicity:1.38
0.091	0.300	0.086	0.523
0.656	0.065	0.188	0.091
0.077	0.610	0.132	0.181
0.065	0.045	0.038	0.852
0.075	0.064	0.087	0.774
0.053	0.841	0.031	0.075
0.037	0.890	0.040	0.033
0.033	0.043	0.859	0.065
>CGACGTAA	6-CGACGTAA	4.530231	-116.216634	0	T:473.0(47.30%),B:10918.4(25.22%),P:1e-50	Tpos:103.4,Tstd:55.9,Bpos:96.7,Bstd:82.7,StrandBias:0.0,Multiplicity:1.26
0.030	0.682	0.093	0.195
0.080	0.048	0.822	0.050
0.671	0.184	0.115	0.030
0.030	0.909	0.044	0.017
0.041	0.056	0.841	0.062
0.088	0.127	0.221	0.564
0.739	0.148	0.041	0.072
0.777	0.094	0.059	0.070
>CACGTGAC	7-CACGTGAC	7.258126	-76.639687	0	T:105.0(10.50%),B:1087.7(2.51%),P:1e-33	Tpos:92.1,Tstd:51.6,Bpos:90.5,Bstd:73.8,StrandBias:-0.2,Multiplicity:1.16
0.001	0.990	0.001	0.008
0.957	0.001	0.033	0.009
0.001	0.868	0.001	0.130
0.132	0.026	0.830	0.012
0.011	0.040	0.001	0.948
0.001	0.001	0.995	0.003
0.963	0.001	0.027	0.009
0.026	0.828	0.031	0.115
>HAGCCGTA	8-HAGCCGTA	5.632524	-67.235462	0	T:259.0(25.90%),B:5457.2(12.61%),P:1e-29	Tpos:91.1,Tstd:55.2,Bpos:99.7,Bstd:82.3,StrandBias:0.2,Multiplicity:1.08
0.301	0.277	0.001	0.421
0.484	0.001	0.325	0.190
0.001	0.201	0.479	0.319
0.001	0.997	0.001	0.001
0.154	0.597	0.248	0.001
0.001	0.001	0.997	0.001
0.001	0.001	0.001	0.997
0.688	0.001	0.106	0.205
>CGCTATAG	9-CGCTATAG	4.675885	-55.519479	0	T:382.0(38.20%),B:10234.0(23.64%),P:1e-24	Tpos:95.6,Tstd:56.5,Bpos:100.9,Bstd:78.9,StrandBias:-0.1,Multiplicity:1.17
0.084	0.787	0.083	0.046
0.088	0.062	0.746	0.104
0.062	0.841	0.052	0.045
0.088	0.126	0.072	0.714
0.743	0.101	0.097	0.059
0.104	0.085	0.086	0.725
0.643	0.095	0.179	0.083
0.076	0.060	0.808	0.056
>TGCGTAAC	10-TGCGTAAC	5.089179	-51.314870	0	T:269.0(26.90%),B:6423.5(14.84%),P:1e-22	Tpos:109.5,Tstd:56.3,Bpos:99.0,Bstd:81.8,StrandBias:0.0,Multiplicity:1.07
0.126	0.159	0.156	0.559
0.079	0.060	0.793	0.068
0.084	0.847	0.020	0.049
0.019	0.001	0.928	0.052
0.088	0.046	0.084	0.782
0.726	0.145	0.061	0.068
0.709	0.122	0.086	0.083
0.067	0.669	0.204	0.060
>TTCCGTAC	11-TTCCGTAC	5.632083	-45.969455	0	T:37.0(3.70%),B:211.6(0.49%),P:1e-19	Tpos:108.9,Tstd:58.8,Bpos:89.5,Bstd:84.5,StrandBias:0.9,Multiplicity:1.13
0.001	0.001	0.001	0.997
0.001	0.001	0.001	0.997
0.001	0.940	0.001	0.058
0.001	0.944	0.054	0.001
0.001	0.001	0.997	0.001
0.001	0.001	0.001	0.997
0.997	0.001	0.001	0.001
0.079	0.919	0.001	0.001
>CCCTTAAC	12-CCCTTAAC	6.113072	-36.344518	0	T:113.0(11.30%),B:2090.3(4.83%),P:1e-15	Tpos:94.7,Tstd:54.0,Bpos:98.3,Bstd:69.8,StrandBias:0.6,Multiplicity:1.07
0.006	0.946	0.036	0.012
0.010	0.907	0.070	0.013
0.001	0.982	0.001	0.016
0.001	0.106	0.001	0.892
0.032	0.056	0.001	0.911
0.890	0.048	0.061	0.001
0.788	0.106	0.105	0.001
0.051	0.881	0.010	0.058
>TCCGCGTT	13-TCCGCGTT	5.800457	-29.256984	0	T:71.0(7.10%),B:1144.0(2.64%),P:1e-12	Tpos:112.9,Tstd:49.6,Bpos:101.6,Bstd:84.1,StrandBias:0.0,Multiplicity:1.03
0.001	0.001	0.001	0.997
0.034	0.893	0.001	0.072
0.001	0.997	0.001	0.001
0.001	0.001	0.997	0.001
0.001	0.997	0.001	0.001
0.151	0.285	0.563	0.001
0.001	0.001	0.001	0.997
0.001	0.001	0.001	0.997
>TTAGGGCA	14-TTAGGGCA	7.458704	-28.997550	0	T:65.0(6.50%),B:997.0(2.30%),P:1e-12	Tpos:93.1,Tstd:48.8,Bpos:100.6,Bstd:63.3,StrandBias:0.1,Multiplicity:1.08
0.001	0.001	0.001	0.997
0.001	0.001	0.281	0.717
0.899	0.001	0.001	0.099
0.001	0.001	0.997	0.001
0.001	0.001	0.997	0.001
0.001	0.001	0.997	0.001
0.001	0.997	0.001	0.001
0.966	0.032	0.001	0.001
>TWAGCCGT	15-TWAGCCGT	7.041779	-27.309368	0	T:85.0(8.50%),B:1576.5(3.64%),P:1e-11	Tpos:92.2,Tstd:54.2,Bpos:101.4,Bstd:79.5,StrandBias:-0.1,Multiplicity:1.07
0.001	0.072	0.043	0.884
0.340	0.170	0.009	0.481
0.997	0.001	0.001	0.001
0.001	0.001	0.911	0.087
0.001	0.996	0.002	0.001
0.001	0.761	0.237	0.001
0.001	0.001	0.997	0.001
0.001	0.264	0.001	0.734
>TCTCGCGA	16-TCTCGCGA	7.025823	-26.548663	0	T:46.0(4.60%),B:591.1(1.37%),P:1e-11	Tpos:116.3,Tstd:59.1,Bpos:82.3,Bstd:76.6,StrandBias:0.1,Multiplicity:1.11
0.001	0.001	0.001	0.997
0.123	0.821	0.001	0.055
0.001	0.001	0.001	0.997
0.001	0.876	0.001	0.122
0.001	0.001	0.970	0.028
0.001	0.997	0.001	0.001
0.135	0.001	0.863	0.001
0.997	0.001	0.001	0.001
>ATYGGYWM	17-ATYGGYWM	6.262608	-21.313611	0	T:139.0(13.90%),B:3515.1(8.12%),P:1e-9	Tpos:102.1,Tstd:62.1,Bpos:94.6,Bstd:83.8,StrandBias:-0.3,Multiplicity:1.10
0.578	0.001	0.001	0.420
0.001	0.001	0.001	0.997
0.001	0.497	0.001	0.501
0.001	0.001	0.997	0.001
0.001	0.001	0.997	0.001
0.001	0.531	0.001	0.467
0.462	0.001	0.001	0.536
0.434	0.466	0.098	0.001
>GCATGCGC	18-GCATGCGC	7.301948	-15.994307	0	T:82.0(8.20%),B:1914.9(4.42%),P:1e-6	Tpos:101.7,Tstd:65.8,Bpos:92.1,Bstd:76.0,StrandBias:0.1,Multiplicity:1.04
0.040	0.001	0.958	0.001
0.001	0.997	0.001	0.001
0.892	0.001	0.001	0.106
0.001	0.001	0.001	0.997
0.001	0.001	0.997	0.001
0.001	0.997	0.001	0.001
0.001	0.001	0.877	0.121
0.064	0.732	0.110	0.094
>TGGGAAAT	19-TGGGAAAT	9.403314	-13.128319	0	T:33.0(3.30%),B:563.2(1.30%),P:1e-5	Tpos:100.8,Tstd:53.1,Bpos:88.8,Bstd:74.9,StrandBias:0.6,Multiplicity:1.06
0.001	0.001	0.001	0.997
0.001	0.001	0.997	0.001
0.001	0.001	0.997	0.001
0.001	0.001	0.997	0.001
0.997	0.001	0.001	0.001
0.997	0.001	0.001	0.001
0.809	0.001	0.001	0.189
0.001	0.001	0.001	0.997
>GACTAGAC	20-GACTAGAC	8.756353	-9.227398	0	T:15.0(1.50%),B:201.2(0.46%),P:1e-4	Tpos:85.3,Tstd:61.0,Bpos:92.5,Bstd:83.3,StrandBias:1.7,Multiplicity:1.40
0.115	0.001	0.883	0.001
0.997	0.001	0.001	0.001
0.001	0.997	0.001	0.001
0.001	0.001	0.001	0.997
0.997	0.001	0.001	0.001
0.001	0.001	0.997	0.001
0.997	0.001	0.001	0.001
0.140	0.858	0.001	0.001
