>CAAVATGGCGGC	1-CAAVATGGCGGC	9.754296	-2017.822678	0	T:712.0(71.20%),B:1112.3(2.57%),P:1e-876	Tpos:100.9,Tstd:32.5,Bpos:111.0,Bstd:68.0,StrandBias:0.2,Multiplicity:1.08
0.219	0.433	0.149	0.200
0.964	0.001	0.034	0.001
0.798	0.062	0.033	0.107
0.316	0.302	0.321	0.060
0.997	0.001	0.001	0.001
0.001	0.001	0.007	0.991
0.001	0.001	0.997	0.001
0.011	0.001	0.987	0.001
0.001	0.987	0.001	0.011
0.056	0.222	0.596	0.126
0.136	0.087	0.690	0.087
0.131	0.690	0.050	0.129
>AASATGGCNGCB	2-AASATGGCNGCB	7.822607	-1232.617042	0	T:586.0(58.60%),B:1719.5(3.97%),P:1e-535	Tpos:95.3,Tstd:49.4,Bpos:109.8,Bstd:71.4,StrandBias:0.2,Multiplicity:1.08
0.997	0.001	0.001	0.001
0.886	0.001	0.112	0.001
0.001	0.467	0.469	0.063
0.997	0.001	0.001	0.001
0.070	0.109	0.001	0.820
0.001	0.001	0.997	0.001
0.001	0.001	0.914	0.084
0.086	0.820	0.001	0.093
0.280	0.151	0.298	0.271
0.093	0.211	0.609	0.087
0.001	0.805	0.091	0.103
0.140	0.381	0.237	0.243
>CGCCATYTTTGW	3-CGCCATYTTTGW	8.355965	-991.644605	0	T:440.0(44.00%),B:993.4(2.29%),P:1e-430	Tpos:97.4,Tstd:46.3,Bpos:97.4,Bstd:75.9,StrandBias:-0.1,Multiplicity:1.06
0.213	0.577	0.209	0.001
0.193	0.032	0.568	0.207
0.001	0.935	0.063	0.001
0.031	0.967	0.001	0.001
0.796	0.171	0.032	0.001
0.001	0.063	0.001	0.935
0.255	0.421	0.048	0.275
0.180	0.059	0.001	0.760
0.001	0.001	0.001	0.997
0.172	0.032	0.310	0.487
0.086	0.097	0.512	0.305
0.388	0.020	0.194	0.398
>GTAATGGCGGCS	4-GTAATGGCGGCS	8.554633	-460.392814	0	T:327.0(32.70%),B:1681.4(3.88%),P:1e-199	Tpos:95.3,Tstd:38.2,Bpos:108.4,Bstd:79.0,StrandBias:0.0,Multiplicity:1.06
0.198	0.103	0.671	0.028
0.123	0.288	0.080	0.509
0.500	0.322	0.094	0.084
0.862	0.001	0.081	0.056
0.001	0.044	0.010	0.945
0.001	0.001	0.971	0.027
0.001	0.001	0.997	0.001
0.027	0.971	0.001	0.001
0.072	0.114	0.681	0.133
0.001	0.057	0.886	0.056
0.056	0.644	0.103	0.197
0.129	0.354	0.341	0.176
>NYCRCTTCCGGB	5-NYCRCTTCCGGB	7.228567	-124.239163	0	T:243.0(24.30%),B:3489.6(8.06%),P:1e-53	Tpos:104.6,Tstd:55.2,Bpos:89.8,Bstd:71.6,StrandBias:0.4,Multiplicity:1.35
0.173	0.224	0.316	0.287
0.133	0.374	0.186	0.307
0.215	0.521	0.001	0.263
0.467	0.001	0.471	0.061
0.001	0.733	0.001	0.265
0.001	0.001	0.001	0.997
0.001	0.001	0.001	0.997
0.001	0.997	0.001	0.001
0.001	0.997	0.001	0.001
0.001	0.001	0.997	0.001
0.016	0.236	0.583	0.165
0.161	0.373	0.226	0.240
>GTCACGTGACCN	6-GTCACGTGACCN	8.495340	-94.763750	0	T:93.0(9.30%),B:675.3(1.56%),P:1e-41	Tpos:87.9,Tstd:50.3,Bpos:86.8,Bstd:67.0,StrandBias:0.1,Multiplicity:1.13
0.287	0.158	0.536	0.019
0.048	0.217	0.001	0.734
0.001	0.997	0.001	0.001
0.886	0.046	0.067	0.001
0.001	0.868	0.019	0.112
0.142	0.057	0.800	0.001
0.034	0.057	0.001	0.908
0.001	0.001	0.997	0.001
0.705	0.001	0.199	0.095
0.001	0.564	0.165	0.270
0.155	0.419	0.172	0.253
0.209	0.346	0.219	0.226
>ACACTCAAAATG	7-ACACTCAAAATG	13.290364	-78.053502	0	T:14.0(1.40%),B:1.3(0.00%),P:1e-33	Tpos:137.9,Tstd:46.3,Bpos:128.4,Bstd:9.3,StrandBias:-0.3,Multiplicity:1.29
0.695	0.001	0.001	0.303
0.001	0.997	0.001	0.001
0.997	0.001	0.001	0.001
0.001	0.997	0.001	0.001
0.001	0.001	0.138	0.860
0.001	0.997	0.001	0.001
0.997	0.001	0.001	0.001
0.997	0.001	0.001	0.001
0.583	0.139	0.139	0.139
0.997	0.001	0.001	0.001
0.001	0.001	0.001	0.997
0.001	0.001	0.997	0.001
>ACATGGCGGACA	8-ACATGGCGGACA	10.991914	-46.482154	0	T:28.0(2.80%),B:102.9(0.24%),P:1e-20	Tpos:124.7,Tstd:56.7,Bpos:83.8,Bstd:77.0,StrandBias:-2.6,Multiplicity:1.00
0.687	0.001	0.156	0.156
0.001	0.997	0.001	0.001
0.907	0.091	0.001	0.001
0.156	0.001	0.128	0.715
0.001	0.001	0.843	0.155
0.001	0.001	0.843	0.155
0.155	0.843	0.001	0.001
0.001	0.001	0.997	0.001
0.001	0.001	0.997	0.001
0.468	0.219	0.312	0.001
0.001	0.997	0.001	0.001
0.687	0.001	0.156	0.156
>CTACAATTCCCA	9-CTACAATTCCCA	10.544264	-45.640017	0	T:49.0(4.90%),B:398.7(0.92%),P:1e-19	Tpos:89.2,Tstd:50.7,Bpos:87.5,Bstd:79.1,StrandBias:-0.1,Multiplicity:1.02
0.001	0.997	0.001	0.001
0.001	0.001	0.001	0.997
0.660	0.173	0.166	0.001
0.065	0.933	0.001	0.001
0.537	0.119	0.213	0.131
0.617	0.171	0.054	0.158
0.119	0.105	0.055	0.721
0.001	0.042	0.065	0.892
0.001	0.997	0.001	0.001
0.001	0.997	0.001	0.001
0.001	0.997	0.001	0.001
0.763	0.066	0.040	0.131
>GVTGACGCAACG	10-GVTGACGCAACG	6.329480	-38.219082	0	T:60.0(6.00%),B:704.2(1.63%),P:1e-16	Tpos:103.6,Tstd:56.8,Bpos:96.2,Bstd:75.7,StrandBias:-0.3,Multiplicity:1.00
0.241	0.150	0.401	0.208
0.345	0.242	0.306	0.107
0.001	0.036	0.001	0.962
0.056	0.298	0.542	0.104
0.997	0.001	0.001	0.001
0.001	0.997	0.001	0.001
0.001	0.001	0.997	0.001
0.052	0.895	0.001	0.052
0.997	0.001	0.001	0.001
0.956	0.042	0.001	0.001
0.104	0.487	0.315	0.094
0.198	0.211	0.441	0.150
>GATTCCGTACAG	11-GATTCCGTACAG	11.303380	-32.856999	0	T:11.0(1.10%),B:11.3(0.03%),P:1e-14	Tpos:100.1,Tstd:40.0,Bpos:87.4,Bstd:84.0,StrandBias:0.3,Multiplicity:1.00
0.001	0.138	0.860	0.001
0.997	0.001	0.001	0.001
0.001	0.289	0.155	0.555
0.001	0.001	0.001	0.997
0.137	0.725	0.137	0.001
0.001	0.997	0.001	0.001
0.001	0.001	0.861	0.137
0.001	0.137	0.001	0.861
0.724	0.001	0.274	0.001
0.001	0.860	0.138	0.001
0.844	0.001	0.154	0.001
0.001	0.152	0.710	0.137
>CCGVTGACGTCA	12-CCGVTGACGTCA	9.494011	-32.247979	0	T:34.0(3.40%),B:275.4(0.64%),P:1e-14	Tpos:76.2,Tstd:50.6,Bpos:84.2,Bstd:81.0,StrandBias:0.0,Multiplicity:1.00
0.001	0.848	0.101	0.050
0.001	0.867	0.131	0.001
0.151	0.030	0.812	0.007
0.367	0.387	0.245	0.001
0.001	0.001	0.082	0.916
0.001	0.082	0.916	0.001
0.805	0.059	0.068	0.068
0.067	0.931	0.001	0.001
0.001	0.001	0.997	0.001
0.001	0.082	0.001	0.916
0.001	0.916	0.082	0.001
0.857	0.059	0.001	0.083
>YCGKACRGAAGG	13-YCGKACRGAAGG	9.318671	-31.042601	0	T:10.0(1.00%),B:9.4(0.02%),P:1e-13	Tpos:125.7,Tstd:61.8,Bpos:85.5,Bstd:108.7,StrandBias:0.0,Multiplicity:1.00
0.087	0.470	0.001	0.441
0.001	0.997	0.001	0.001
0.001	0.001	0.997	0.001
0.001	0.029	0.441	0.529
0.997	0.001	0.001	0.001
0.001	0.997	0.001	0.001
0.528	0.001	0.470	0.001
0.001	0.028	0.970	0.001
0.997	0.001	0.001	0.001
0.997	0.001	0.001	0.001
0.001	0.001	0.997	0.001
0.001	0.001	0.997	0.001
>GCGCATGCGCAK	14-GCGCATGCGCAK	9.785071	-29.261968	0	T:87.0(8.70%),B:1573.1(3.63%),P:1e-12	Tpos:95.3,Tstd:59.9,Bpos:87.7,Bstd:76.1,StrandBias:-0.2,Multiplicity:1.10
0.058	0.055	0.814	0.073
0.156	0.807	0.001	0.036
0.001	0.001	0.997	0.001
0.001	0.962	0.001	0.036
0.665	0.115	0.100	0.120
0.007	0.014	0.218	0.761
0.001	0.001	0.997	0.001
0.001	0.869	0.129	0.001
0.001	0.036	0.884	0.079
0.001	0.770	0.143	0.086
0.529	0.247	0.023	0.201
0.171	0.121	0.371	0.338
>AGTGGTTAAGCG	15-AGTGGTTAAGCG	12.119300	-27.290917	0	T:7.0(0.70%),B:3.8(0.01%),P:1e-11	Tpos:80.3,Tstd:46.8,Bpos:78.4,Bstd:32.7,StrandBias:-0.4,Multiplicity:1.00
0.708	0.290	0.001	0.001
0.001	0.234	0.764	0.001
0.001	0.001	0.290	0.708
0.001	0.001	0.764	0.234
0.001	0.001	0.997	0.001
0.239	0.047	0.001	0.713
0.239	0.051	0.001	0.709
0.997	0.001	0.001	0.001
0.997	0.001	0.001	0.001
0.001	0.285	0.713	0.001
0.001	0.764	0.001	0.234
0.001	0.001	0.997	0.001
>ARTCTCGCGAGA	16-ARTCTCGCGAGA	9.987594	-25.326400	0	T:25.0(2.50%),B:191.8(0.44%),P:1e-10	Tpos:119.3,Tstd:52.4,Bpos:80.8,Bstd:75.1,StrandBias:-0.1,Multiplicity:1.12
0.693	0.062	0.173	0.072
0.407	0.194	0.258	0.141
0.051	0.053	0.051	0.845
0.080	0.818	0.001	0.101
0.002	0.092	0.001	0.905
0.001	0.997	0.001	0.001
0.001	0.001	0.997	0.001
0.001	0.981	0.001	0.017
0.051	0.001	0.897	0.051
0.847	0.001	0.051	0.101
0.002	0.102	0.762	0.134
0.856	0.001	0.142	0.001
>CTAAGGGCAAGT	17-CTAAGGGCAAGT	14.002793	-25.081722	0	T:6.0(0.60%),B:2.4(0.01%),P:1e-10	Tpos:99.5,Tstd:52.0,Bpos:105.2,Bstd:30.0,StrandBias:1.0,Multiplicity:1.00
0.001	0.667	0.166	0.166
0.001	0.001	0.001	0.997
0.997	0.001	0.001	0.001
0.997	0.001	0.001	0.001
0.001	0.001	0.997	0.001
0.166	0.001	0.832	0.001
0.001	0.001	0.997	0.001
0.001	0.997	0.001	0.001
0.997	0.001	0.001	0.001
0.997	0.001	0.001	0.001
0.001	0.001	0.997	0.001
0.166	0.166	0.001	0.667
>CACTCGGCTTGC	18-CACTCGGCTTGC	13.857843	-21.440003	0	T:7.0(0.70%),B:7.1(0.02%),P:1e-9	Tpos:89.3,Tstd:53.9,Bpos:129.5,Bstd:62.7,StrandBias:0.4,Multiplicity:1.00
0.142	0.856	0.001	0.001
0.856	0.142	0.001	0.001
0.001	0.997	0.001	0.001
0.001	0.001	0.001	0.997
0.001	0.997	0.001	0.001
0.001	0.001	0.856	0.142
0.001	0.001	0.997	0.001
0.001	0.997	0.001	0.001
0.001	0.001	0.001	0.997
0.001	0.142	0.001	0.856
0.001	0.143	0.713	0.143
0.001	0.997	0.001	0.001
>GGGGCGTGGCTT	19-GGGGCGTGGCTT	11.268434	-19.248235	0	T:26.0(2.60%),B:278.8(0.64%),P:1e-8	Tpos:97.8,Tstd:63.5,Bpos:89.4,Bstd:83.9,StrandBias:0.4,Multiplicity:1.00
0.097	0.001	0.901	0.001
0.038	0.001	0.863	0.098
0.196	0.315	0.488	0.001
0.098	0.096	0.805	0.001
0.001	0.997	0.001	0.001
0.001	0.001	0.941	0.057
0.046	0.221	0.108	0.625
0.150	0.003	0.777	0.070
0.001	0.001	0.936	0.062
0.001	0.901	0.001	0.097
0.001	0.028	0.001	0.970
0.206	0.047	0.157	0.590
>GGAAGGTAGCCT	20-GGAAGGTAGCCT	9.968583	-17.640740	0	T:9.0(0.90%),B:27.9(0.06%),P:1e-7	Tpos:80.1,Tstd:48.8,Bpos:81.3,Bstd:59.7,StrandBias:-0.3,Multiplicity:1.00
0.001	0.001	0.997	0.001
0.001	0.001	0.997	0.001
0.997	0.001	0.001	0.001
0.997	0.001	0.001	0.001
0.001	0.001	0.997	0.001
0.001	0.001	0.997	0.001
0.001	0.001	0.208	0.790
0.997	0.001	0.001	0.001
0.089	0.001	0.909	0.001
0.001	0.909	0.001	0.089
0.001	0.997	0.001	0.001
0.001	0.021	0.187	0.791
>GCAGGGTACCCT	21-GCAGGGTACCCT	13.942596	-15.685114	0	T:5.0(0.50%),B:5.0(0.01%),P:1e-6	Tpos:125.9,Tstd:54.1,Bpos:95.4,Bstd:46.4,StrandBias:-0.4,Multiplicity:1.00
0.001	0.001	0.997	0.001
0.001	0.850	0.148	0.001
0.850	0.148	0.001	0.001
0.001	0.001	0.997	0.001
0.001	0.001	0.997	0.001
0.001	0.148	0.850	0.001
0.001	0.001	0.001	0.997
0.892	0.106	0.001	0.001
0.001	0.850	0.148	0.001
0.001	0.850	0.148	0.001
0.001	0.997	0.001	0.001
0.001	0.001	0.001	0.997
>GKMGCKATTCKG	22-GKMGCKATTCKG	7.775777	-14.127400	0	T:40.0(4.00%),B:724.3(1.67%),P:1e-6	Tpos:103.2,Tstd:53.7,Bpos:100.4,Bstd:80.8,StrandBias:-0.1,Multiplicity:1.03
0.001	0.001	0.802	0.196
0.001	0.032	0.552	0.415
0.435	0.468	0.096	0.001
0.314	0.032	0.622	0.032
0.001	0.949	0.049	0.001
0.085	0.001	0.420	0.494
0.688	0.108	0.085	0.119
0.032	0.001	0.096	0.871
0.032	0.001	0.064	0.903
0.001	0.638	0.066	0.295
0.032	0.002	0.471	0.495
0.032	0.247	0.657	0.064
>CCCGGCAGGAAC	23-CCCGGCAGGAAC	14.614707	-11.053318	0	T:3.0(0.30%),B:2.3(0.01%),P:1e-4	Tpos:122.4,Tstd:65.4,Bpos:105.3,Bstd:26.2,StrandBias:2.6,Multiplicity:2.33
0.001	0.997	0.001	0.001
0.001	0.997	0.001	0.001
0.001	0.997	0.001	0.001
0.001	0.001	0.997	0.001
0.001	0.001	0.997	0.001
0.001	0.997	0.001	0.001
0.997	0.001	0.001	0.001
0.001	0.001	0.997	0.001
0.001	0.001	0.997	0.001
0.997	0.001	0.001	0.001
0.861	0.137	0.001	0.001
0.001	0.997	0.001	0.001
>ACTAGACACGTT	24-ACTAGACACGTT	16.452821	-8.245162	0	T:2.0(0.20%),B:0.0(0.00%),P:1e-3	Tpos:100.3,Tstd:55.1,Bpos:0.0,Bstd:0.0,StrandBias:10.0,Multiplicity:3.00
0.997	0.001	0.001	0.001
0.001	0.997	0.001	0.001
0.001	0.001	0.001	0.997
0.997	0.001	0.001	0.001
0.001	0.001	0.997	0.001
0.997	0.001	0.001	0.001
0.001	0.997	0.001	0.001
0.997	0.001	0.001	0.001
0.001	0.997	0.001	0.001
0.001	0.137	0.861	0.001
0.001	0.001	0.001	0.997
0.001	0.001	0.001	0.997
>CGCATGCGCCTC	25-CGCATGCGCCTC	10.700180	-7.130505	0	T:21.0(2.10%),B:411.5(0.95%),P:1e-3	Tpos:99.8,Tstd:64.0,Bpos:96.8,Bstd:79.4,StrandBias:-0.3,Multiplicity:1.00
0.001	0.902	0.061	0.036
0.036	0.040	0.812	0.112
0.001	0.877	0.061	0.061
0.749	0.106	0.047	0.098
0.077	0.055	0.211	0.657
0.001	0.048	0.950	0.001
0.001	0.877	0.061	0.061
0.061	0.070	0.868	0.001
0.061	0.877	0.001	0.061
0.001	0.997	0.001	0.001
0.062	0.071	0.134	0.733
0.001	0.808	0.044	0.147
