>CCGCCATCTT	1-CCGCCATCTT	7.472367	-1820.627574	0	T:717.0(71.70%),B:1517.4(3.51%),P:1e-790	Tpos:100.7,Tstd:34.2,Bpos:108.9,Bstd:69.7,StrandBias:-0.2,Multiplicity:1.12
0.031	0.851	0.070	0.048
0.060	0.810	0.113	0.017
0.001	0.001	0.997	0.001
0.001	0.997	0.001	0.001
0.001	0.997	0.001	0.001
0.997	0.001	0.001	0.001
0.001	0.001	0.001	0.997
0.007	0.748	0.126	0.119
0.001	0.001	0.006	0.992
0.001	0.001	0.001	0.997
>RGCCATATTD	2-RGCCATATTD	4.330155	-1326.557977	0	T:617.0(61.70%),B:1770.7(4.09%),P:1e-576	Tpos:90.4,Tstd:49.3,Bpos:96.9,Bstd:76.8,StrandBias:0.3,Multiplicity:1.08
0.456	0.138	0.401	0.005
0.157	0.001	0.616	0.226
0.001	0.997	0.001	0.001
0.001	0.997	0.001	0.001
0.997	0.001	0.001	0.001
0.001	0.001	0.001	0.997
0.612	0.214	0.001	0.173
0.001	0.001	0.001	0.997
0.001	0.001	0.001	0.997
0.343	0.001	0.305	0.351
>TAATGGCGGC	3-TAATGGCGGC	7.509439	-1273.223890	0	T:633.0(63.30%),B:2123.9(4.91%),P:1e-552	Tpos:95.5,Tstd:37.2,Bpos:105.1,Bstd:78.6,StrandBias:0.0,Multiplicity:1.07
0.244	0.121	0.156	0.478
0.515	0.158	0.063	0.264
0.918	0.006	0.001	0.075
0.009	0.001	0.143	0.847
0.001	0.037	0.942	0.020
0.001	0.008	0.930	0.061
0.001	0.997	0.001	0.001
0.026	0.234	0.558	0.182
0.155	0.126	0.520	0.199
0.155	0.585	0.074	0.186
>NHVBTTCCGB	4-NHVBTTCCGB	5.505523	-136.690546	0	T:218.0(21.80%),B:2658.8(6.14%),P:1e-59	Tpos:103.1,Tstd:56.3,Bpos:89.2,Bstd:72.8,StrandBias:0.2,Multiplicity:1.21
0.199	0.241	0.236	0.325
0.306	0.260	0.085	0.349
0.370	0.225	0.251	0.154
0.055	0.346	0.259	0.339
0.171	0.214	0.062	0.553
0.055	0.164	0.282	0.499
0.039	0.863	0.054	0.044
0.036	0.880	0.045	0.039
0.141	0.153	0.497	0.208
0.043	0.297	0.397	0.264
>TCACGTGACS	5-TCACGTGACS	7.352287	-102.278026	0	T:115.0(11.50%),B:978.0(2.26%),P:1e-44	Tpos:90.2,Tstd:50.2,Bpos:88.4,Bstd:69.0,StrandBias:-0.0,Multiplicity:1.16
0.027	0.123	0.010	0.840
0.001	0.887	0.001	0.111
0.778	0.022	0.146	0.054
0.001	0.899	0.001	0.099
0.132	0.069	0.798	0.001
0.056	0.074	0.019	0.851
0.174	0.014	0.811	0.001
0.888	0.016	0.070	0.026
0.032	0.604	0.153	0.211
0.189	0.375	0.240	0.196
>CGCTTCCGSS	6-CGCTTCCGSS	4.421110	-83.324981	0	T:254.0(25.40%),B:4781.6(11.05%),P:1e-36	Tpos:103.8,Tstd:57.8,Bpos:96.0,Bstd:79.5,StrandBias:0.1,Multiplicity:1.14
0.001	0.627	0.371	0.001
0.124	0.001	0.518	0.357
0.001	0.741	0.257	0.001
0.001	0.001	0.001	0.997
0.001	0.001	0.001	0.997
0.001	0.972	0.001	0.026
0.001	0.997	0.001	0.001
0.001	0.001	0.997	0.001
0.001	0.463	0.350	0.185
0.114	0.508	0.377	0.001
>AYTTCCGCCC	7-AYTTCCGCCC	8.039378	-64.816707	0	T:101.0(10.10%),B:1172.3(2.71%),P:1e-28	Tpos:97.3,Tstd:57.7,Bpos:100.9,Bstd:82.3,StrandBias:-0.3,Multiplicity:1.00
0.744	0.001	0.001	0.254
0.103	0.448	0.069	0.380
0.001	0.001	0.001	0.997
0.001	0.001	0.001	0.997
0.001	0.815	0.001	0.183
0.026	0.753	0.190	0.031
0.001	0.001	0.997	0.001
0.074	0.685	0.137	0.104
0.171	0.452	0.103	0.274
0.001	0.896	0.102	0.001
>TGTCATGGCG	8-TGTCATGGCG	11.757383	-58.409308	0	T:24.0(2.40%),B:39.3(0.09%),P:1e-25	Tpos:97.5,Tstd:25.6,Bpos:44.6,Bstd:46.5,StrandBias:1.0,Multiplicity:1.00
0.001	0.001	0.001	0.997
0.188	0.001	0.810	0.001
0.001	0.001	0.001	0.997
0.001	0.997	0.001	0.001
0.997	0.001	0.001	0.001
0.001	0.001	0.001	0.997
0.001	0.001	0.997	0.001
0.001	0.001	0.844	0.154
0.001	0.997	0.001	0.001
0.001	0.001	0.997	0.001
>TTCCGTACGG	9-TTCCGTACGG	9.494501	-53.590637	0	T:26.0(2.60%),B:62.5(0.14%),P:1e-23	Tpos:120.9,Tstd:57.7,Bpos:92.6,Bstd:78.4,StrandBias:0.2,Multiplicity:1.18
0.001	0.001	0.055	0.943
0.056	0.001	0.056	0.887
0.001	0.997	0.001	0.001
0.001	0.943	0.001	0.055
0.001	0.001	0.974	0.024
0.001	0.001	0.024	0.974
0.923	0.075	0.001	0.001
0.039	0.959	0.001	0.001
0.234	0.028	0.698	0.040
0.082	0.001	0.750	0.167
>TCACGTGACT	10-TCACGTGACT	6.789884	-53.240863	0	T:130.0(13.00%),B:2097.2(4.84%),P:1e-23	Tpos:112.5,Tstd:53.0,Bpos:96.6,Bstd:74.6,StrandBias:-0.3,Multiplicity:1.02
0.120	0.098	0.099	0.683
0.059	0.823	0.117	0.001
0.809	0.106	0.046	0.039
0.104	0.813	0.049	0.034
0.026	0.041	0.862	0.071
0.045	0.139	0.119	0.697
0.040	0.059	0.856	0.045
0.740	0.064	0.098	0.098
0.001	0.905	0.045	0.049
0.026	0.009	0.081	0.884
>TGCCCTTARC	11-TGCCCTTARC	7.968786	-52.816312	0	T:87.0(8.70%),B:1057.4(2.44%),P:1e-22	Tpos:101.7,Tstd:48.4,Bpos:97.4,Bstd:73.2,StrandBias:0.1,Multiplicity:1.07
0.064	0.233	0.055	0.648
0.001	0.001	0.936	0.062
0.001	0.997	0.001	0.001
0.001	0.997	0.001	0.001
0.001	0.997	0.001	0.001
0.001	0.045	0.230	0.724
0.124	0.058	0.001	0.817
0.632	0.066	0.001	0.301
0.285	0.145	0.402	0.168
0.001	0.708	0.203	0.088
>GTTACGTCAT	12-GTTACGTCAT	7.751858	-38.935915	0	T:47.0(4.70%),B:434.8(1.00%),P:1e-16	Tpos:93.8,Tstd:52.9,Bpos:84.4,Bstd:80.1,StrandBias:0.3,Multiplicity:1.00
0.162	0.105	0.572	0.161
0.001	0.074	0.054	0.871
0.106	0.013	0.209	0.672
0.706	0.001	0.154	0.139
0.001	0.997	0.001	0.001
0.027	0.059	0.861	0.053
0.001	0.020	0.132	0.847
0.106	0.892	0.001	0.001
0.655	0.132	0.106	0.107
0.001	0.001	0.078	0.920
>ACAATTCCCA	13-ACAATTCCCA	7.262967	-33.662922	0	T:75.0(7.50%),B:1141.8(2.64%),P:1e-14	Tpos:96.0,Tstd:53.3,Bpos:91.7,Bstd:79.0,StrandBias:-0.2,Multiplicity:1.04
0.730	0.118	0.089	0.063
0.086	0.753	0.069	0.092
0.827	0.032	0.087	0.054
0.840	0.061	0.068	0.031
0.053	0.125	0.037	0.785
0.044	0.064	0.053	0.839
0.017	0.858	0.081	0.044
0.071	0.749	0.114	0.066
0.001	0.899	0.064	0.036
0.730	0.087	0.108	0.075
>CCGCTATAGC	14-CCGCTATAGC	7.548187	-33.525630	0	T:115.0(11.50%),B:2237.3(5.17%),P:1e-14	Tpos:95.5,Tstd:53.9,Bpos:105.8,Bstd:78.2,StrandBias:0.1,Multiplicity:1.09
0.001	0.956	0.004	0.039
0.084	0.741	0.161	0.014
0.029	0.001	0.969	0.001
0.020	0.932	0.047	0.001
0.082	0.053	0.040	0.825
0.600	0.118	0.148	0.134
0.168	0.197	0.077	0.558
0.683	0.167	0.044	0.106
0.092	0.001	0.806	0.101
0.039	0.959	0.001	0.001
>TCCGCGTTTC	15-TCCGCGTTTC	7.605435	-32.489485	0	T:36.0(3.60%),B:307.3(0.71%),P:1e-14	Tpos:97.4,Tstd:49.4,Bpos:91.3,Bstd:68.3,StrandBias:0.1,Multiplicity:1.03
0.223	0.111	0.089	0.577
0.072	0.722	0.081	0.125
0.046	0.771	0.008	0.175
0.167	0.022	0.641	0.170
0.094	0.671	0.217	0.018
0.055	0.214	0.513	0.218
0.022	0.031	0.223	0.724
0.033	0.144	0.025	0.798
0.231	0.110	0.167	0.493
0.239	0.526	0.190	0.045
>GCAGGAACTA	16-GCAGGAACTA	7.210316	-32.350645	0	T:86.0(8.60%),B:1459.9(3.37%),P:1e-14	Tpos:98.8,Tstd:58.4,Bpos:101.0,Bstd:71.3,StrandBias:0.9,Multiplicity:1.11
0.111	0.125	0.661	0.103
0.168	0.725	0.026	0.081
0.688	0.158	0.153	0.001
0.045	0.001	0.953	0.001
0.001	0.037	0.961	0.001
0.772	0.070	0.094	0.064
0.800	0.035	0.058	0.107
0.128	0.610	0.196	0.066
0.168	0.001	0.001	0.830
0.997	0.001	0.001	0.001
>CGCAWGCGCM	17-CGCAWGCGCM	7.599613	-32.152892	0	T:129.0(12.90%),B:2703.3(6.24%),P:1e-13	Tpos:95.5,Tstd:61.4,Bpos:88.8,Bstd:76.8,StrandBias:0.2,Multiplicity:1.14
0.113	0.789	0.001	0.097
0.101	0.050	0.822	0.027
0.001	0.997	0.001	0.001
0.745	0.059	0.001	0.195
0.381	0.001	0.092	0.526
0.001	0.001	0.997	0.001
0.001	0.837	0.161	0.001
0.060	0.029	0.718	0.193
0.001	0.488	0.181	0.331
0.364	0.321	0.147	0.168
>TTGCCCTCAC	18-TTGCCCTCAC	9.791756	-29.184464	0	T:26.0(2.60%),B:174.0(0.40%),P:1e-12	Tpos:104.5,Tstd:44.2,Bpos:100.2,Bstd:69.9,StrandBias:-0.8,Multiplicity:1.09
0.001	0.144	0.040	0.815
0.052	0.090	0.001	0.857
0.001	0.012	0.986	0.001
0.001	0.965	0.033	0.001
0.001	0.960	0.001	0.038
0.001	0.926	0.001	0.072
0.168	0.001	0.131	0.700
0.001	0.997	0.001	0.001
0.979	0.001	0.001	0.019
0.089	0.861	0.049	0.001
>AHTCTCGCGA	19-AHTCTCGCGA	8.087894	-28.663044	0	T:40.0(4.00%),B:429.5(0.99%),P:1e-12	Tpos:114.6,Tstd:61.5,Bpos:80.5,Bstd:73.9,StrandBias:0.3,Multiplicity:1.12
0.570	0.132	0.162	0.136
0.323	0.260	0.029	0.388
0.001	0.039	0.001	0.959
0.079	0.721	0.001	0.199
0.001	0.001	0.001	0.997
0.079	0.919	0.001	0.001
0.001	0.001	0.879	0.119
0.001	0.997	0.001	0.001
0.134	0.112	0.753	0.001
0.946	0.001	0.052	0.001
>CCGGAAATGG	20-CCGGAAATGG	8.564595	-26.325133	0	T:46.0(4.60%),B:595.4(1.38%),P:1e-11	Tpos:96.4,Tstd:52.1,Bpos:95.4,Bstd:73.6,StrandBias:0.2,Multiplicity:1.03
0.262	0.679	0.001	0.058
0.098	0.833	0.068	0.001
0.042	0.102	0.855	0.001
0.001	0.001	0.874	0.124
0.971	0.012	0.016	0.001
0.693	0.085	0.097	0.125
0.997	0.001	0.001	0.001
0.001	0.121	0.049	0.829
0.001	0.001	0.997	0.001
0.395	0.001	0.603	0.001
>CGGTGGTAGC	21-CGGTGGTAGC	10.463001	-26.302640	0	T:30.0(3.00%),B:267.4(0.62%),P:1e-11	Tpos:106.5,Tstd:55.9,Bpos:109.2,Bstd:66.4,StrandBias:0.0,Multiplicity:1.00
0.001	0.997	0.001	0.001
0.290	0.001	0.543	0.166
0.001	0.001	0.997	0.001
0.180	0.001	0.001	0.818
0.001	0.001	0.997	0.001
0.001	0.001	0.997	0.001
0.001	0.367	0.001	0.631
0.997	0.001	0.001	0.001
0.001	0.001	0.997	0.001
0.001	0.551	0.208	0.240
>TCACATGATC	22-TCACATGATC	7.752112	-19.775112	0	T:39.0(3.90%),B:558.1(1.29%),P:1e-8	Tpos:96.7,Tstd:64.2,Bpos:100.3,Bstd:69.6,StrandBias:0.0,Multiplicity:1.00
0.066	0.053	0.036	0.845
0.036	0.846	0.070	0.048
0.855	0.074	0.070	0.001
0.031	0.936	0.032	0.001
0.731	0.098	0.038	0.133
0.157	0.166	0.093	0.584
0.075	0.102	0.822	0.001
0.739	0.124	0.059	0.078
0.082	0.074	0.044	0.800
0.044	0.842	0.026	0.088
>TTAGCCGCGG	23-TTAGCCGCGG	9.861156	-16.989127	0	T:19.0(1.90%),B:172.7(0.40%),P:1e-7	Tpos:91.1,Tstd:60.0,Bpos:107.8,Bstd:64.4,StrandBias:0.7,Multiplicity:1.00
0.001	0.001	0.001	0.997
0.041	0.233	0.001	0.725
0.997	0.001	0.001	0.001
0.056	0.001	0.942	0.001
0.001	0.997	0.001	0.001
0.001	0.997	0.001	0.001
0.001	0.148	0.850	0.001
0.230	0.768	0.001	0.001
0.001	0.135	0.863	0.001
0.001	0.001	0.809	0.189
>AAGCATGGCG	24-AAGCATGGCG	12.453600	-16.845840	0	T:8.0(0.80%),B:21.5(0.05%),P:1e-7	Tpos:62.8,Tstd:43.6,Bpos:124.1,Bstd:50.5,StrandBias:2.3,Multiplicity:1.50
0.997	0.001	0.001	0.001
0.997	0.001	0.001	0.001
0.001	0.001	0.997	0.001
0.001	0.997	0.001	0.001
0.997	0.001	0.001	0.001
0.001	0.001	0.001	0.997
0.251	0.001	0.747	0.001
0.001	0.001	0.997	0.001
0.001	0.997	0.001	0.001
0.001	0.001	0.997	0.001
>CGACTWGACA	25-CGACTWGACA	10.485308	-11.441247	0	T:5.0(0.50%),B:12.5(0.03%),P:1e-4	Tpos:90.0,Tstd:51.0,Bpos:106.5,Bstd:40.2,StrandBias:2.0,Multiplicity:2.00
0.001	0.887	0.111	0.001
0.001	0.001	0.997	0.001
0.997	0.001	0.001	0.001
0.001	0.997	0.001	0.001
0.001	0.393	0.001	0.605
0.519	0.001	0.001	0.479
0.001	0.001	0.997	0.001
0.997	0.001	0.001	0.001
0.001	0.997	0.001	0.001
0.997	0.001	0.001	0.001
