>AAGATGGC	1-AAGATGGC	7.380443	-1718.684324	0	T:743.0(74.30%),B:2032.9(4.70%),P:1e-746	Tpos:99.9,Tstd:35.7,Bpos:105.5,Bstd:71.1,StrandBias:0.1,Multiplicity:1.14
0.997	0.001	0.001	0.001
0.997	0.001	0.001	0.001
0.250	0.142	0.583	0.025
0.997	0.001	0.001	0.001
0.001	0.001	0.001	0.997
0.001	0.001	0.997	0.001
0.001	0.001	0.997	0.001
0.001	0.997	0.001	0.001
>ATGGCGGC	2-ATGGCGGC	8.058349	-1330.195665	0	T:670.0(67.00%),B:2385.7(5.51%),P:1e-577	Tpos:97.9,Tstd:35.3,Bpos:105.4,Bstd:78.6,StrandBias:0.2,Multiplicity:1.07
0.997	0.001	0.001	0.001
0.001	0.001	0.001	0.997
0.001	0.001	0.997	0.001
0.001	0.001	0.997	0.001
0.001	0.997	0.001	0.001
0.001	0.176	0.722	0.101
0.001	0.001	0.930	0.068
0.001	0.997	0.001	0.001
>CAARATGG	3-CAARATGG	10.213656	-930.513199	0	T:420.0(42.00%),B:973.3(2.25%),P:1e-404	Tpos:93.6,Tstd:48.9,Bpos:100.2,Bstd:79.3,StrandBias:-0.6,Multiplicity:1.08
0.001	0.997	0.001	0.001
0.997	0.001	0.001	0.001
0.997	0.001	0.001	0.001
0.573	0.001	0.425	0.001
0.997	0.001	0.001	0.001
0.001	0.001	0.001	0.997
0.001	0.001	0.997	0.001
0.001	0.001	0.997	0.001
>WAAKGGCG	4-WAAKGGCG	8.623920	-284.032507	0	T:223.0(22.30%),B:1262.1(2.92%),P:1e-123	Tpos:96.3,Tstd:48.0,Bpos:96.7,Bstd:75.6,StrandBias:-0.2,Multiplicity:1.04
0.513	0.001	0.001	0.485
0.997	0.001	0.001	0.001
0.997	0.001	0.001	0.001
0.001	0.001	0.518	0.480
0.001	0.001	0.997	0.001
0.001	0.001	0.997	0.001
0.001	0.997	0.001	0.001
0.343	0.001	0.655	0.001
>TACTTCCG	5-TACTTCCG	5.648057	-141.321689	0	T:376.0(37.60%),B:6865.8(15.86%),P:1e-61	Tpos:99.7,Tstd:55.9,Bpos:94.1,Bstd:75.0,StrandBias:0.3,Multiplicity:1.38
0.091	0.300	0.086	0.523
0.656	0.065	0.188	0.091
0.077	0.610	0.132	0.181
0.065	0.045	0.038	0.852
0.075	0.064	0.087	0.774
0.053	0.841	0.031	0.075
0.037	0.890	0.040	0.033
0.033	0.043	0.859	0.065
>CGACGTAA	6-CGACGTAA	4.530231	-116.216634	0	T:473.0(47.30%),B:10918.4(25.22%),P:1e-50	Tpos:103.4,Tstd:55.9,Bpos:96.7,Bstd:82.7,StrandBias:0.0,Multiplicity:1.26
0.030	0.682	0.093	0.195
0.080	0.048	0.822	0.050
0.671	0.184	0.115	0.030
0.030	0.909	0.044	0.017
0.041	0.056	0.841	0.062
0.088	0.127	0.221	0.564
0.739	0.148	0.041	0.072
0.777	0.094	0.059	0.070
>CACGTGAC	7-CACGTGAC	7.258126	-76.639687	0	T:105.0(10.50%),B:1087.7(2.51%),P:1e-33	Tpos:92.1,Tstd:51.6,Bpos:90.5,Bstd:73.8,StrandBias:-0.2,Multiplicity:1.16
0.001	0.990	0.001	0.008
0.957	0.001	0.033	0.009
0.001	0.868	0.001	0.130
0.132	0.026	0.830	0.012
0.011	0.040	0.001	0.948
0.001	0.001	0.995	0.003
0.963	0.001	0.027	0.009
0.026	0.828	0.031	0.115
>HAGCCGTA	8-HAGCCGTA	5.632524	-67.235462	0	T:259.0(25.90%),B:5457.2(12.61%),P:1e-29	Tpos:91.1,Tstd:55.2,Bpos:99.7,Bstd:82.3,StrandBias:0.2,Multiplicity:1.08
0.301	0.277	0.001	0.421
0.484	0.001	0.325	0.190
0.001	0.201	0.479	0.319
0.001	0.997	0.001	0.001
0.154	0.597	0.248	0.001
0.001	0.001	0.997	0.001
0.001	0.001	0.001	0.997
0.688	0.001	0.106	0.205
>CGCTATAG	9-CGCTATAG	4.675885	-55.519479	0	T:382.0(38.20%),B:10234.0(23.64%),P:1e-24	Tpos:95.6,Tstd:56.5,Bpos:100.9,Bstd:78.9,StrandBias:-0.1,Multiplicity:1.17
0.084	0.787	0.083	0.046
0.088	0.062	0.746	0.104
0.062	0.841	0.052	0.045
0.088	0.126	0.072	0.714
0.743	0.101	0.097	0.059
0.104	0.085	0.086	0.725
0.643	0.095	0.179	0.083
0.076	0.060	0.808	0.056
>TGCGTAAC	10-TGCGTAAC	5.089179	-51.314870	0	T:269.0(26.90%),B:6423.5(14.84%),P:1e-22	Tpos:109.5,Tstd:56.3,Bpos:99.0,Bstd:81.8,StrandBias:0.0,Multiplicity:1.07
0.126	0.159	0.156	0.559
0.079	0.060	0.793	0.068
0.084	0.847	0.020	0.049
0.019	0.001	0.928	0.052
0.088	0.046	0.084	0.782
0.726	0.145	0.061	0.068
0.709	0.122	0.086	0.083
0.067	0.669	0.204	0.060
>TTCCGTAC	11-TTCCGTAC	5.632083	-45.969455	0	T:37.0(3.70%),B:211.6(0.49%),P:1e-19	Tpos:108.9,Tstd:58.8,Bpos:89.5,Bstd:84.5,StrandBias:0.9,Multiplicity:1.13
0.001	0.001	0.001	0.997
0.001	0.001	0.001	0.997
0.001	0.940	0.001	0.058
0.001	0.944	0.054	0.001
0.001	0.001	0.997	0.001
0.001	0.001	0.001	0.997
0.997	0.001	0.001	0.001
0.079	0.919	0.001	0.001
>CCCTTAAC	12-CCCTTAAC	6.113072	-36.344518	0	T:113.0(11.30%),B:2090.3(4.83%),P:1e-15	Tpos:94.7,Tstd:54.0,Bpos:98.3,Bstd:69.8,StrandBias:0.6,Multiplicity:1.07
0.006	0.946	0.036	0.012
0.010	0.907	0.070	0.013
0.001	0.982	0.001	0.016
0.001	0.106	0.001	0.892
0.032	0.056	0.001	0.911
0.890	0.048	0.061	0.001
0.788	0.106	0.105	0.001
0.051	0.881	0.010	0.058
>TCCGCGTT	13-TCCGCGTT	5.800457	-29.256984	0	T:71.0(7.10%),B:1144.0(2.64%),P:1e-12	Tpos:112.9,Tstd:49.6,Bpos:101.6,Bstd:84.1,StrandBias:0.0,Multiplicity:1.03
0.001	0.001	0.001	0.997
0.034	0.893	0.001	0.072
0.001	0.997	0.001	0.001
0.001	0.001	0.997	0.001
0.001	0.997	0.001	0.001
0.151	0.285	0.563	0.001
0.001	0.001	0.001	0.997
0.001	0.001	0.001	0.997
>TTAGGGCA	14-TTAGGGCA	7.458704	-28.997550	0	T:65.0(6.50%),B:997.0(2.30%),P:1e-12	Tpos:93.1,Tstd:48.8,Bpos:100.6,Bstd:63.3,StrandBias:0.1,Multiplicity:1.08
0.001	0.001	0.001	0.997
0.001	0.001	0.281	0.717
0.899	0.001	0.001	0.099
0.001	0.001	0.997	0.001
0.001	0.001	0.997	0.001
0.001	0.001	0.997	0.001
0.001	0.997	0.001	0.001
0.966	0.032	0.001	0.001
>TWAGCCGT	15-TWAGCCGT	7.041779	-27.309368	0	T:85.0(8.50%),B:1576.5(3.64%),P:1e-11	Tpos:92.2,Tstd:54.2,Bpos:101.4,Bstd:79.5,StrandBias:-0.1,Multiplicity:1.07
0.001	0.072	0.043	0.884
0.340	0.170	0.009	0.481
0.997	0.001	0.001	0.001
0.001	0.001	0.911	0.087
0.001	0.996	0.002	0.001
0.001	0.761	0.237	0.001
0.001	0.001	0.997	0.001
0.001	0.264	0.001	0.734
>TCTCGCGA	16-TCTCGCGA	7.025823	-26.548663	0	T:46.0(4.60%),B:591.1(1.37%),P:1e-11	Tpos:116.3,Tstd:59.1,Bpos:82.3,Bstd:76.6,StrandBias:0.1,Multiplicity:1.11
0.001	0.001	0.001	0.997
0.123	0.821	0.001	0.055
0.001	0.001	0.001	0.997
0.001	0.876	0.001	0.122
0.001	0.001	0.970	0.028
0.001	0.997	0.001	0.001
0.135	0.001	0.863	0.001
0.997	0.001	0.001	0.001
>ATYGGYWM	17-ATYGGYWM	6.262608	-21.313611	0	T:139.0(13.90%),B:3515.1(8.12%),P:1e-9	Tpos:102.1,Tstd:62.1,Bpos:94.6,Bstd:83.8,StrandBias:-0.3,Multiplicity:1.10
0.578	0.001	0.001	0.420
0.001	0.001	0.001	0.997
0.001	0.497	0.001	0.501
0.001	0.001	0.997	0.001
0.001	0.001	0.997	0.001
0.001	0.531	0.001	0.467
0.462	0.001	0.001	0.536
0.434	0.466	0.098	0.001
>GCATGCGC	18-GCATGCGC	7.301948	-15.994307	0	T:82.0(8.20%),B:1914.9(4.42%),P:1e-6	Tpos:101.7,Tstd:65.8,Bpos:92.1,Bstd:76.0,StrandBias:0.1,Multiplicity:1.04
0.040	0.001	0.958	0.001
0.001	0.997	0.001	0.001
0.892	0.001	0.001	0.106
0.001	0.001	0.001	0.997
0.001	0.001	0.997	0.001
0.001	0.997	0.001	0.001
0.001	0.001	0.877	0.121
0.064	0.732	0.110	0.094
>TGGGAAAT	19-TGGGAAAT	9.403314	-13.128319	0	T:33.0(3.30%),B:563.2(1.30%),P:1e-5	Tpos:100.8,Tstd:53.1,Bpos:88.8,Bstd:74.9,StrandBias:0.6,Multiplicity:1.06
0.001	0.001	0.001	0.997
0.001	0.001	0.997	0.001
0.001	0.001	0.997	0.001
0.001	0.001	0.997	0.001
0.997	0.001	0.001	0.001
0.997	0.001	0.001	0.001
0.809	0.001	0.001	0.189
0.001	0.001	0.001	0.997
>GACTAGAC	20-GACTAGAC	8.756353	-9.227398	0	T:15.0(1.50%),B:201.2(0.46%),P:1e-4	Tpos:85.3,Tstd:61.0,Bpos:92.5,Bstd:83.3,StrandBias:1.7,Multiplicity:1.40
0.115	0.001	0.883	0.001
0.997	0.001	0.001	0.001
0.001	0.997	0.001	0.001
0.001	0.001	0.001	0.997
0.997	0.001	0.001	0.001
0.001	0.001	0.997	0.001
0.997	0.001	0.001	0.001
0.140	0.858	0.001	0.001
