>GKMGCKATTCKG	22-GKMGCKATTCKG,BestGuess:Mef2a(MADS)/HL1-Mef2a.biotin-ChIP-Seq(GSE21529)/Homer(0.604)	7.775777	-14.127400	0	T:40.0(4.00%),B:724.3(1.67%),P:1e-6
0.001	0.001	0.802	0.196
0.001	0.032	0.552	0.415
0.435	0.468	0.096	0.001
0.314	0.032	0.622	0.032
0.001	0.949	0.049	0.001
0.085	0.001	0.420	0.494
0.688	0.108	0.085	0.119
0.032	0.001	0.096	0.871
0.032	0.001	0.064	0.903
0.001	0.638	0.066	0.295
0.032	0.002	0.471	0.495
0.032	0.247	0.657	0.064
