>CMGAATMGCKMC	22-GKMGCKATTCKG	7.775777	-14.127400	0	T:40.0(4.00%),B:724.3(1.67%),P:1e-6
0.064	0.657	0.247	0.032
0.495	0.471	0.002	0.032
0.295	0.066	0.638	0.001
0.903	0.064	0.001	0.032
0.871	0.096	0.001	0.032
0.119	0.085	0.108	0.688
0.494	0.420	0.001	0.085
0.001	0.049	0.949	0.001
0.032	0.622	0.032	0.314
0.001	0.096	0.468	0.435
0.415	0.552	0.032	0.001
0.196	0.802	0.001	0.001
